function list = supportedcostfunctions(),

	list = [101:105 201 501:507 510 601:604];
